%% Define data
sppn_net = [0 -215 114 -89 -77 94 -170 176 117 -210
            -215 0 -217 134 77 -150 57 -253 -230 49
            114 -217 0 -203 -80 138 -109 177 180 -174
            -89 134 -203 0 157 -142 173 -241 -254 23
            -77 77 -80 157 0 -188 170 -120 -160 -9
            94 -150 138 -142 -188 0 -97 140 116 -106
            -170 57 -109 173 170 -97 0 -184 -191 -6
            176 -253 177 -241 -120 140 -184 0 235 -132
            117 -230 180 -254 -160 116 -191 235 0 -164
            -210 49 -174 23 -9 -106 -6 -132 -164 0];
sppn_cover = [1 1
              2 1
              3 1
              4 1
              5 1
              6 2
              7 2
              8 2
              9 2
              10 2];
sppn_expected_modularity = 0.615;

gama_net = [1 2 1
            1 3 1
            1 4 1
            2 3 1
            2 4 1
            3 4 1
            5 6 1
            5 9 1
            5 13 1
            6 7 1
            6 8 1
            7 8 1
            8 9 1
            8 13 1
            10 11 1
            10 12 1
            10 13 1
            10 14 1
            11 14 1
            12 13 1
            12 14 1
            12 15 1
            12 16 1
            13 14 1
            13 15 1
            13 16 1
            14 15 1
            14 16 1
            15 16 1
            1 5 -1
            1 10 -1
            1 11 -1
            1 12 -1
            1 16 -1
            2 5 -1
            2 6 -1
            2 7 -1
            2 10 -1
            2 12 -1
            3 5 -1
            3 6 -1
            3 7 -1
            3 8 -1
            3 15 -1
            3 16 -1
            4 5 -1
            4 8 -1
            4 9 -1
            4 15 -1
            4 16 -1
            6 13 -1
            6 15 -1
            7 15 -1
            8 12 -1
            8 15 -1
            9 11 -1
            9 14 -1
           ];

gama_net = spconvert([gama_net; gama_net(:, [2, 1, 3])]);

gama_cover = [1 1
              2 1
              3 1
              4 1
              5 2
              6 2
              7 2
              8 2
              9 2
              10 3
              11 3
              12 3
              13 3
              14 3
              15 3
              16 3];

gama_expected_modularity = 0.632;

%% Run modularity

fprintf("\nExpected %f, got: ", gama_expected_modularity);
clusters.modularity(gama_net, gama_cover, 'type', 'both')
